// CALIBRATION config file
//
// TDCchannel'\t'       CalibratedTime
//
2000	301.748
2001	303.604
2002	293.621
2003	309.136
2004	300.264
2005	299.524
2006	302.133
2007	304.309
2008	302.312
2009	299.084
2010	304.472
2011	298.446
2012	297.761
2013	302.877
2014	313.44
2015	300.358
2016	294.983
2017	297.216
2018	291.485
2019	285.12
2020	297.799
2021	292.425
2022	294.67
2023	291.406
2024	293.759
2025	286.959
2026	289.676
2027	297.283
2028	299.589
2029	300.02
2030	294.206
2031	293.489
2032	297.912
2033	297.912
2034	297.912
2035	297.912
2036	297.912
2037	297.912
2038	297.912
2039	297.912
2040	297.912
2041	297.912
2042	297.912
2043	297.912
2044	297.912
2045	297.912
2046	297.912
2047	297.912
2048	297.912
2049	297.912
2050	297.912
2051	297.912
2052	297.912
2053	297.912
2054	297.912
2055	297.912
2056	297.912
2057	297.912
2058	297.912
2059	297.912
2060	297.912
2061	297.912
2062	297.912
2063	297.912
2064	287.754
2065	286.209
2066	290.211
2067	294.16
2068	292.736
2069	291.576
2070	296.926
2071	284.043
2072	292.739
2073	286.884
2074	287.882
2075	289.735
2076	290.942
2077	288.991
2078	280.169
2079	286.162
2080	285.762
2081	291.938
2082	286.385
2083	294.786
2084	288.098
2085	289.403
2086	289.586
2087	283.944
2088	293.535
2089	298.697
2090	292.406
2091	292.377
2092	292.762
2093	294.189
2094	289.386
2095	296.387
2096	290.211
2097	290.211
2098	290.211
2099	290.211
2100	290.211
2101	290.211
2102	290.211
2103	290.211
2104	290.211
2105	290.211
2106	290.211
2107	290.211
2108	290.211
2109	290.211
2110	290.211
2111	290.211
2112	290.211
2113	290.211
2114	290.211
2115	290.211
2116	290.211
2117	290.211
2118	290.211
2119	290.211
2120	290.211
2121	290.211
2122	290.211
2123	290.211
2124	290.211
2125	290.211
2126	290.211
2127	290.211
3000	265.147
3001	266.407
3002	267.127
3003	268.049
3004	270.049
3005	268.172
3006	268.274
3007	268.691
3008	266.543
3009	267.289
3010	269.35
3011	271.534
3012	268.529
3013	277.889
3014	272.445
3015	273.773
3016	274.117
3017	274.117
3018	274.117
3019	274.117
3020	282.237
3021	279.361
3022	277.204
3023	278.085
3024	282.424
3025	280.963
3026	279.152
3027	284.446
3028	284.648
3029	282.902
3030	280.497
3031	281.907
3064	274.117
3065	274.117
3066	274.117
3067	274.117
3068	274.117
3069	274.117
3070	274.117
3071	274.117
3072	274.117
3073	274.117
3074	274.117
3075	274.117
3076	274.117
3077	274.117
3078	274.117
3079	274.117
3080	274.117
3081	274.117
3082	274.117
3083	274.117
3084	274.117
3085	274.117
3086	274.117
3087	274.117
3088	274.117
3089	274.117
3090	274.117
3091	274.117
3092	274.117
3093	274.117
3094	274.117
3095	274.117
3096	274.117
3097	274.117
3098	274.117
3099	274.117
3100	274.117
3101	274.117
3102	274.117
3103	274.117
3104	274.117
3105	274.117
3106	274.117
3107	274.117
3108	274.117
3109	274.117
3110	274.117
3111	274.117
3112	276.121
3113	275.188
3114	270.763
3115	272.167
3116	275.622
3117	269.513
3118	276.855
3119	276.369
3120	271.643
3121	271.194
3122	276.062
3123	276.11
3124	272.918
3125	272.891
3126	272.696
3127	271.937
4000	272.864
4001	272.864
4002	272.864
4003	272.864
4004	275.553
4005	274.32
4006	277.158
4007	274.068
4008	273.963
4009	277.943
4010	271.543
4011	278.343
4012	276.463
4013	274.979
4014	269.151
4015	273.378
4016	272.029
4017	273.121
4018	272.864
4019	273.155
4020	276.577
4021	273.777
4022	274.231
4023	275.131
4024	269.134
4025	268.405
4026	270.745
4027	274.394
4028	275.089
4029	271.493
4030	276.469
4031	272.537
4032	268.728
4033	268.903
4034	264.234
4035	270.147
4036	269.148
4037	269.657
4038	273.073
4039	272.532
4040	273.167
4041	265.702
4042	275.943
4043	272.635
4044	276.216
4045	270.95
4046	276.122
4047	272.864
4048	272.864
4049	272.864
4050	272.864
4051	272.864
4052	272.864
4053	272.864
4054	272.864
4055	272.864
4056	272.864
4057	272.864
4058	272.864
4059	272.864
4060	272.864
4061	272.864
4062	272.864
4063	272.864
4064	272.864
4065	272.864
4066	272.864
4067	272.864
4068	272.864
4069	272.864
4070	272.864
4071	272.864
4072	272.864
4073	272.864
4074	272.864
4075	272.864
4076	272.864
4077	272.864
4078	272.864
4079	272.864
4080	272.864
4081	272.864
4082	272.864
4083	272.864
4084	272.864
4085	272.864
4086	272.864
4087	272.864
4088	272.864
4089	272.864
4090	272.864
4091	272.864
4092	272.864
4093	272.864
4094	272.864
4095	272.864
5000	293.781
5001	293.781
5002	301.457
5003	297.414
5004	301.595
5005	299.799
5006	300.602
5007	298.05
5008	296.592
5009	299.33
5010	300.563
5011	299.682
5012	295.785
5013	294.182
5014	295.605
5015	294.509
5016	294.944
5017	290.555
5018	291.336
5019	293.384
5020	290.685
5021	293.078
5022	294.486
5023	290.018
5024	292.649
5025	292.931
5026	293.366
5027	297.805
5028	292.539
5029	296.958
5030	290.695
5031	292.169
5032	289.561
5033	287.293
5034	287.581
5035	292.397
5036	290.467
5037	295.135
5038	289.153
5039	286.594
5040	290.087
5041	287.769
5042	288.294
5043	288.422
5044	293.868
5045	292.24
5046	298.01
5047	294.314
5048	293.781
5049	293.781
5050	293.781
5051	293.781
5052	293.781
5053	293.781
5054	293.781
5055	293.781
5056	293.781
5057	293.781
5058	293.781
5059	293.781
5060	293.781
5061	293.781
5062	293.781
5063	293.781
5064	293.781
5065	293.781
5066	293.781
5067	293.781
5068	293.781
5069	293.781
5070	293.781
5071	293.781
5072	293.781
5073	293.781
5074	293.781
5075	293.781
5076	293.781
5077	293.781
5078	293.781
5079	293.781
5080	293.781
5081	293.781
5082	293.781
5083	293.781
5084	293.781
5085	293.781
5086	293.781
5087	293.781
5088	293.781
5089	293.781
5090	293.781
5091	293.781
5092	293.781
5093	293.781
5094	293.781
5095	293.781
